emb=512,full:0.88

no_aug, drop=0: 0.7843204736709595
no_aug, drop=0.1:0.7951168417930603
no_aug, drop=0.15:0.7900978922843933
no_aug, drop=0.2:0.7897592782974243
color_prob: 0.5: 0.7795898914337158
crop_prob: 0.5: 0.8383163213729858
rot_prob: 0.5: 0.8330869674682617
mixup_prob: 0.1: 0.7922613620758057
cutout_prob: 0.5: 0.7729536890983582
cutmix_prob: 0.1: 0.792319655418396
mosaic_prob: 0.1: 0.775298535823822
mosaic_full_prob: 0.1: 0.7732216715812683
color_prob: 0.1: 0.7701109647750854
color_prob: 0.5, lower aug: 0.7801748514175415
color_prob: 0.5, bri: 0.01: 0.7907544374465942
color_prob: 0.5, bri: 0.005: 0.768994927406311
color_prob: 0.1, bri: 0.01: 0.7815847992897034
cutout_prob: 0.1: 0.7433938384056091
cutmix_prob: 0.2: 0.7938299179077148
cutmix_prob: 0.3: 0.7474693059921265
cutmix_prob: 0.5: 0.7650651335716248
full_aug: 0.84916
full_aug, 500 epcoh: 0.8853629231452942
full_aug, 1000 epoch: 0.8871964812278748